37.233335,-80.43287 257.22 90 
37.23325,-80.432831 257.22 90 
37.233169,-80.432804 257.22 90 
37.233083,-80.432785 257.22 90 
37.233034,-80.432785 257.22 90 
37.23295,-80.432788 257.22 90 
37.232896,-80.432797 257.22 90 
37.232753,-80.432821 257.22 90 
37.232664,-80.432836 257.22 90 
37.232566,-80.432852 257.22 90 
37.232459,-80.43287 257.22 90 
37.232306,-80.432896 257.22 90 
37.232208,-80.432913 257.22 90 
37.232119,-80.432929 257.22 90 
37.232015,-80.432947 257.22 90 
37.231908,-80.432964 257.22 90 
37.231827,-80.432977 257.22 90 
37.231686,-80.432994 194.86 90 
37.231566,-80.432811 167.5 90 
37.231548,-80.432632 167.5 90 
37.231535,-80.432509 167.5 90 
37.231523,-80.432397 167.5 90 
37.23151,-80.432274 167.5 90 
37.231497,-80.43215 167.5 90 
37.231486,-80.432038 167.5 90 
37.231473,-80.431915 167.5 90 
37.231461,-80.431803 167.5 90 
37.231449,-80.431695 167.5 90 
37.231431,-80.431527 167.5 90 
37.231419,-80.431415 167.5 90 
37.231407,-80.431303 167.5 90 
37.231395,-80.431191 167.5 90 
37.231383,-80.431079 167.5 90 
37.231372,-80.430978 167.5 90 
37.231362,-80.430889 167.5 90 
37.231345,-80.430721 167.5 90 
37.231333,-80.430609 167.5 90 
37.231322,-80.430497 167.5 90 
37.231314,-80.430383 167.5 90 
37.231309,-80.43027 167.5 90 
37.231308,-80.430158 167.5 90 
37.23131,-80.430045 167.5 90 
37.231319,-80.429865 167.5 90 
37.231334,-80.429677 167.5 90 
37.231347,-80.429573 167.5 90 
37.23136,-80.42946 167.5 90 
37.231372,-80.429363 167.5 90 
37.2314,-80.429222 167.5 90 
37.231411,-80.429168 167.5 90 
37.231457,-80.428975 167.5 90 
37.231489,-80.428851 167.5 90 
37.231553,-80.428631 146.74 90 
37.231588,-80.428527 146.74 90 
37.231629,-80.428417 146.74 90 
37.231675,-80.428306 146.74 90 
37.231723,-80.4282 132.65 90 
37.23177,-80.428104 132.65 90 
37.231817,-80.428007 132.65 90 
37.231865,-80.427908 132.65 90 
37.231961,-80.427717 132.65 90 
37.232009,-80.427622 132.65 90 
37.232057,-80.427526 132.65 90 
37.232105,-80.427431 132.65 90 
37.232174,-80.427292 132.65 90 
37.232222,-80.427197 132.65 90 
37.23227,-80.427101 132.65 90 
37.232318,-80.427005 132.65 90 
37.232365,-80.426909 132.65 90 
37.232413,-80.426814 132.65 90 
37.232461,-80.426717 132.65 90 
37.232533,-80.426574 132.65 90 
37.232581,-80.426478 132.65 90 
37.232653,-80.426335 132.65 90 
37.23268,-80.42628 132.65 90 
37.232727,-80.426184 132.65 90 
37.232775,-80.426088 132.65 90 
37.232826,-80.425983 132.65 90 
37.232889,-80.42586 132.65 90 
37.232932,-80.425774 132.65 90 
37.232974,-80.425692 132.65 90 
37.233013,-80.425615 132.65 90 
37.233066,-80.425512 132.65 90 
37.233124,-80.425398 132.65 90 
37.233153,-80.425339 132.65 90 
37.233187,-80.42527 132.65 90 
37.233245,-80.425144 132.65 90 
37.233436,-80.425001 47.23 90 
37.23346,-80.4251 47.23 90 